15.93
15.72
15.87
15.89
16.02
16.26
16.24
15.67
14.70
14.38
14.12
14.59
15.33
14.70
14.18
13.34
11.92
11.39
10.63
10.85
10.94
10.68
10.41
10.24
10.16
10.12
9.71
9.79
9.66
9.03
8.04
7.80
6.98
6.49
6.39
6.49
7.36
7.23
7.06
6.62
6.80
6.62
6.70
6.07
5.70
5.49
5.57
5.61
6.76
5.84
5.83
4.93
4.73
4.74
4.74
4.23
4.03
4.04
3.91
4.30
4.92
5.51
5.67
6.15
6.56
7.05
7.27
7.68
7.86
8.26
8.28
8.53
8.71
8.50
8.07
7.86
7.80
7.79
7.53
7.46
7.28
6.87
6.75
6.61
6.08
5.47
5.27
5.48
5.62
5.27
4.87
4.60
4.52
4.43
4.30
3.81
3.09
2.86
2.91
2.99
3.19
3.56
4.03
3.96
4.20
4.57
4.75
4.32
3.99
3.56
3.46
3.54
3.59
3.51
4.05
4.07
4.00
4.26
4.56
4.57
4.97
5.61
6.01
6.36
6.61
7.06
7.23
7.41
7.89
7.56
7.49
8.07
8.14
7.79
7.52
7.43
7.43
7.39
6.99
6.67
6.94
8.01
7.74
7.50
6.83
6.39
6.06
5.51
5.38
4.90
4.63
4.25
3.43
2.74
1.94
0.43
0.48
0.65
1.02
1.20
2.21
2.45
2.68
2.93
3.21
3.54
3.78
3.78
3.34
3.04
3.55
3.76
3.99
4.05
4.16
4.14
4.42
4.46
4.43
4.75
4.71
4.65
4.69
4.45
4.47
4.92
4.86
5.54
5.97
5.51
4.71
